10 0.481 0.722666666667 0.25 0.293333333333
14 0.612 0.816 0.224 0.368
14 0.341 0.814666666667 0.226 0.370666666667
4 0.456 0.652 0.028 0.114666666667
4 0.479 0.625333333333 0.022 0.114666666667
14 0.717 0.486666666667 0.07 0.178666666667
14 0.343 0.549333333333 0.054 0.08
14 0.365 0.542666666667 0.094 0.141333333333
14 0.563 0.541333333333 0.118 0.133333333333
14 0.623 0.578666666667 0.082 0.128
14 0.691 0.718666666667 0.11 0.322666666667
14 0.27 0.730666666667 0.14 0.362666666667
14 0.944 0.877333333333 0.112 0.245333333333
8 0.76 0.824 0.056 0.352
