5 0.031 0.351351351351 0.058 0.318318318318
5 0.091 0.367867867868 0.062 0.141141141141
14 0.237 0.551051051051 0.074 0.321321321321
14 0.332 0.566066066066 0.06 0.345345345345
14 0.372 0.510510510511 0.028 0.222222222222
14 0.424 0.633633633634 0.076 0.456456456456
14 0.483 0.594594594595 0.05 0.36036036036
14 0.553 0.599099099099 0.086 0.471471471471
14 0.602 0.632132132132 0.088 0.471471471471
14 0.64 0.66966966967 0.076 0.558558558559
14 0.68 0.675675675676 0.088 0.648648648649
14 0.732 0.695195195195 0.136 0.603603603604
14 0.829 0.687687687688 0.138 0.624624624625
14 0.927 0.687687687688 0.146 0.624624624625
