14 0.881 0.670666666667 0.182 0.226666666667
14 0.644 0.673333333333 0.204 0.205333333333
14 0.642 0.810666666667 0.204 0.16
14 0.434 0.642666666667 0.184 0.197333333333
14 0.24 0.622666666667 0.176 0.210666666667
14 0.238 0.798666666667 0.172 0.141333333333
14 0.236 0.322666666667 0.204 0.208
14 0.226 0.149333333333 0.196 0.213333333333
14 0.448 0.145333333333 0.2 0.2
14 0.455 0.358666666667 0.222 0.264
14 0.655 0.174666666667 0.194 0.237333333333
14 0.701 0.369333333333 0.27 0.237333333333
14 0.889 0.361333333333 0.222 0.253333333333
