1 0.359 0.693333333333 0.19 0.432
1 0.122 0.561333333333 0.224 0.290666666667
1 0.115 0.678666666667 0.138 0.392
1 0.858 0.765333333333 0.212 0.453333333333
1 0.593 0.646666666667 0.106 0.365333333333
1 0.674 0.712 0.184 0.373333333333
14 0.377 0.508 0.226 0.781333333333
14 0.121 0.54 0.21 0.6
14 0.173 0.381333333333 0.07 0.373333333333
14 0.242 0.434666666667 0.084 0.506666666667
14 0.61 0.510666666667 0.156 0.605333333333
14 0.708 0.565333333333 0.192 0.64
14 0.867 0.593333333333 0.21 0.738666666667
