6 0.5 0.549333333333 0.996 0.794666666667
14 0.711 0.185333333333 0.07 0.328
14 0.849 0.185333333333 0.082 0.333333333333
14 0.893 0.366666666667 0.11 0.157333333333
14 0.788 0.169333333333 0.068 0.221333333333
14 0.932 0.206666666667 0.088 0.258666666667
14 0.606 0.110666666667 0.068 0.125333333333
14 0.386 0.106666666667 0.056 0.0906666666667
14 0.317 0.110666666667 0.062 0.0773333333333
14 0.254 0.0973333333333 0.036 0.114666666667
14 0.09 0.165333333333 0.064 0.154666666667
14 0.657 0.12 0.05 0.138666666667
14 0.76 0.164 0.052 0.226666666667
