4 0.308 0.43993993994 0.076 0.291291291291
4 0.254 0.506006006006 0.036 0.159159159159
8 0.87 0.725225225225 0.26 0.513513513514
8 0.768 0.597597597598 0.18 0.444444444444
14 0.271 0.205705705706 0.058 0.231231231231
14 0.33 0.192192192192 0.068 0.252252252252
14 0.446 0.156156156156 0.088 0.204204204204
14 0.531 0.165165165165 0.09 0.192192192192
14 0.683 0.566066066066 0.238 0.597597597598
14 0.551 0.39039039039 0.134 0.27027027027
14 0.243 0.60960960961 0.354 0.780780780781
14 0.483 0.388888888889 0.086 0.285285285285
14 0.436 0.378378378378 0.084 0.294294294294
