15 0.0813609467456 0.264 0.139053254438 0.112
15 0.266272189349 0.404 0.118343195266 0.1
15 0.497041420118 0.531 0.136094674556 0.106
15 0.748520710059 0.41 0.136094674556 0.104
15 0.0843195266272 0.756 0.150887573964 0.176
15 0.167159763314 0.879 0.103550295858 0.142
15 0.295857988166 0.879 0.0887573964497 0.134
15 0.37426035503 0.667 0.133136094675 0.102
15 0.380177514793 0.575 0.127218934911 0.126
15 0.646449704142 0.575 0.133136094675 0.098
15 0.636094674556 0.657 0.130177514793 0.094
15 0.831360946746 0.869 0.094674556213 0.15
15 0.772189349112 0.864 0.153846153846 0.148
