5 0.813 0.828 0.374 0.253333333333
14 0.976 0.9 0.048 0.2
14 0.919 0.906666666667 0.05 0.186666666667
14 0.848 0.910666666667 0.06 0.178666666667
14 0.823 0.896 0.042 0.202666666667
14 0.75 0.908 0.06 0.184
14 0.604 0.894666666667 0.064 0.210666666667
14 0.532 0.906666666667 0.076 0.186666666667
14 0.483 0.908 0.058 0.184
14 0.402 0.906666666667 0.04 0.186666666667
14 0.365 0.910666666667 0.046 0.168
14 0.275 0.910666666667 0.074 0.178666666667
14 0.222 0.905333333333 0.092 0.189333333333
14 0.127 0.902666666667 0.07 0.189333333333
14 0.068 0.917333333333 0.048 0.165333333333
14 0.028 0.914666666667 0.044 0.170666666667
