12 0.809 0.576086956522 0.226 0.282608695652
12 0.168 0.465838509317 0.148 0.149068322981
14 0.815 0.430124223602 0.078 0.201863354037
14 0.175 0.385093167702 0.062 0.149068322981
9 0.19 0.594720496894 0.168 0.245341614907
9 0.274 0.619565217391 0.192 0.22049689441
9 0.437 0.633540372671 0.178 0.254658385093
9 0.44 0.63198757764 0.12 0.214285714286
9 0.548 0.653726708075 0.088 0.270186335404
9 0.616 0.625776397516 0.072 0.245341614907
9 0.676 0.656832298137 0.072 0.239130434783
9 0.803 0.64751552795 0.09 0.26397515528
