14 0.597 0.576 0.098 0.634666666667
14 0.552 0.621333333333 0.236 0.570666666667
14 0.36 0.714666666667 0.188 0.48
14 0.883 0.497333333333 0.206 0.557333333333
14 0.618 0.221333333333 0.112 0.24
14 0.208 0.250666666667 0.136 0.234666666667
14 0.093 0.608 0.182 0.656
14 0.226 0.622666666667 0.176 0.658666666667
14 0.411 0.570666666667 0.122 0.48
14 0.33 0.318666666667 0.16 0.36
14 0.483 0.318666666667 0.162 0.28
14 0.684 0.378666666667 0.128 0.357333333333
14 0.788 0.370666666667 0.128 0.421333333333
14 0.7 0.744 0.176 0.389333333333
14 0.875 0.728 0.198 0.442666666667
