14 0.866 0.481873111782 0.112 0.280966767372
14 0.646 0.501510574018 0.128 0.31419939577
14 0.49 0.487915407855 0.108 0.238670694864
14 0.361 0.45166163142 0.106 0.196374622356
14 0.247 0.465256797583 0.09 0.235649546828
14 0.128 0.447129909366 0.108 0.235649546828
13 0.863 0.557401812689 0.142 0.208459214502
13 0.637 0.552870090634 0.138 0.21752265861
13 0.497 0.552870090634 0.122 0.199395770393
13 0.366 0.549848942598 0.12 0.181268882175
13 0.256 0.531722054381 0.128 0.19335347432
13 0.134 0.518126888218 0.132 0.202416918429
