1 0.695 0.722666666667 0.278 0.309333333333
1 0.511 0.713333333333 0.15 0.290666666667
1 0.355 0.76 0.206 0.368
14 0.389 0.609333333333 0.106 0.312
14 0.498 0.536 0.1 0.256
14 0.697 0.6 0.154 0.442666666667
8 0.44 0.294666666667 0.056 0.088
8 0.585 0.298666666667 0.062 0.0746666666667
8 0.636 0.342666666667 0.076 0.0986666666667
17 0.388 0.386666666667 0.076 0.133333333333
15 0.592 0.469333333333 0.048 0.0853333333333
15 0.949 0.392 0.102 0.224
15 0.785 0.249333333333 0.066 0.162666666667
15 0.495 0.402666666667 0.106 0.106666666667
