1 0.622 0.678666666667 0.204 0.301333333333
1 0.545 0.608 0.186 0.24
1 0.32 0.624 0.224 0.282666666667
14 0.306 0.505333333333 0.184 0.424
14 0.513 0.444 0.118 0.216
14 0.616 0.525333333333 0.188 0.384
14 0.037 0.325333333333 0.054 0.138666666667
14 0.095 0.333333333333 0.066 0.133333333333
14 0.152 0.328 0.052 0.133333333333
14 0.093 0.48 0.134 0.293333333333
14 0.172 0.488 0.1 0.256
14 0.223 0.408 0.066 0.128
14 0.702 0.352 0.068 0.112
14 0.765 0.350666666667 0.05 0.114666666667
14 0.815 0.446666666667 0.07 0.317333333333
14 0.873 0.362666666667 0.054 0.101333333333
14 0.943 0.454666666667 0.098 0.290666666667
