12 0.862 0.623493975904 0.276 0.44578313253
12 0.704 0.638554216867 0.136 0.355421686747
12 0.523 0.643072289157 0.102 0.430722891566
12 0.379 0.671686746988 0.102 0.289156626506
12 0.118 0.762048192771 0.224 0.313253012048
12 0.194 0.671686746988 0.1 0.319277108434
14 0.853 0.504518072289 0.11 0.352409638554
14 0.696 0.522590361446 0.112 0.298192771084
14 0.522 0.534638554217 0.12 0.334337349398
14 0.381 0.55421686747 0.11 0.307228915663
14 0.195 0.578313253012 0.094 0.301204819277
14 0.113 0.606927710843 0.102 0.352409638554
