1 0.914 0.714071856287 0.172 0.296407185629
1 0.628 0.660179640719 0.228 0.266467065868
1 0.685 0.661676646707 0.234 0.251497005988
1 0.421 0.637724550898 0.202 0.263473053892
1 0.211 0.541916167665 0.178 0.263473053892
1 0.054 0.464071856287 0.1 0.197604790419
14 0.051 0.360778443114 0.098 0.248502994012
14 0.23 0.441616766467 0.136 0.320359281437
14 0.352 0.450598802395 0.104 0.236526946108
14 0.448 0.532934131737 0.14 0.323353293413
14 0.64 0.541916167665 0.152 0.287425149701
14 0.709 0.549401197605 0.142 0.308383233533
14 0.943 0.642215568862 0.114 0.332335329341
