13 0.806 0.444108761329 0.24 0.205438066465
13 0.271 0.554380664653 0.31 0.299093655589
14 0.316 0.52416918429 0.12 0.365558912387
14 0.843 0.406344410876 0.094 0.299093655589
6 0.931 0.247734138973 0.094 0.102719033233
6 0.755 0.247734138973 0.122 0.114803625378
6 0.651 0.255287009063 0.09 0.105740181269
6 0.568 0.2583081571 0.084 0.0936555891239
6 0.482 0.264350453172 0.088 0.0936555891239
6 0.269 0.271903323263 0.122 0.0906344410876
6 0.161 0.280966767372 0.11 0.0664652567976
6 0.094 0.280966767372 0.1 0.0725075528701
