14 0.649 0.153333333333 0.154 0.301333333333
14 0.808 0.152 0.124 0.298666666667
4 0.668 0.258666666667 0.028 0.101333333333
4 0.328 0.257333333333 0.028 0.114666666667
4 0.256 0.261333333333 0.032 0.117333333333
14 0.14 0.156 0.12 0.306666666667
8 0.936 0.462666666667 0.128 0.301333333333
8 0.769 0.461333333333 0.162 0.298666666667
8 0.207 0.458666666667 0.154 0.277333333333
8 0.065 0.46 0.126 0.274666666667
14 0.423 0.538666666667 0.462 0.736
14 0.714 0.634666666667 0.4 0.730666666667
14 0.943 0.84 0.114 0.32
14 0.526 0.837333333333 0.216 0.325333333333
14 0.271 0.858666666667 0.174 0.282666666667
14 0.094 0.849333333333 0.184 0.301333333333
14 0.352 0.222666666667 0.244 0.178666666667
