14 0.959459459459 0.381 0.045045045045 0.094
14 0.813813813814 0.409 0.0780780780781 0.05
14 0.690690690691 0.413 0.0600600600601 0.054
14 0.60960960961 0.396 0.0600600600601 0.088
14 0.346846846847 0.392 0.0630630630631 0.1
14 0.402402402402 0.401 0.0540540540541 0.09
14 0.285285285285 0.4 0.0540540540541 0.104
14 0.235735735736 0.394 0.0630630630631 0.116
14 0.147147147147 0.403 0.048048048048 0.106
14 0.106606606607 0.41 0.045045045045 0.124
14 0.875375375375 0.513 0.165165165165 0.166
14 0.518018018018 0.54 0.105105105105 0.08
14 0.717717717718 0.757 0.258258258258 0.054
14 0.346846846847 0.48 0.123123123123 0.12
14 0.408408408408 0.459 0.0900900900901 0.078
14 0.214714714715 0.529 0.123123123123 0.11
14 0.277777777778 0.598 0.135135135135 0.16
1 0.528528528529 0.75 0.192192192192 0.08
1 0.866366366366 0.583 0.195195195195 0.07
