14 0.142 0.407268170426 0.096 0.228070175439
14 0.315 0.427318295739 0.114 0.323308270677
14 0.499 0.394736842105 0.114 0.358395989975
14 0.667 0.31954887218 0.15 0.187969924812
14 0.119 0.526315789474 0.118 0.18045112782
14 0.226 0.521303258145 0.084 0.125313283208
14 0.401 0.546365914787 0.094 0.265664160401
14 0.686 0.479949874687 0.124 0.203007518797
14 0.823 0.447368421053 0.098 0.157894736842
12 0.048 0.759398496241 0.088 0.406015037594
12 0.131 0.744360902256 0.23 0.395989974937
12 0.255 0.759398496241 0.13 0.350877192982
12 0.394 0.709273182957 0.196 0.370927318296
12 0.646 0.665413533835 0.308 0.408521303258
12 0.793 0.639097744361 0.314 0.416040100251
