8 0.791 0.830666666667 0.25 0.338666666667
8 0.397 0.692 0.166 0.296
8 0.307 0.646666666667 0.142 0.253333333333
8 0.217 0.598666666667 0.118 0.232
8 0.165 0.56 0.102 0.186666666667
8 0.081 0.533333333333 0.114 0.176
8 0.039 0.512 0.074 0.154666666667
19 0.148 0.393333333333 0.052 0.0773333333333
19 0.193 0.401333333333 0.042 0.088
19 0.229 0.409333333333 0.058 0.0986666666667
19 0.293 0.422666666667 0.086 0.109333333333
19 0.392 0.436 0.088 0.125333333333
19 0.488 0.461333333333 0.116 0.138666666667
19 0.666 0.502666666667 0.144 0.184
19 0.885 0.544 0.202 0.218666666667
