3 0.501 0.221333333333 0.998 0.218666666667
3 0.501 0.348 0.998 0.413333333333
14 0.095 0.658666666667 0.178 0.288
14 0.379 0.601333333333 0.114 0.413333333333
14 0.492 0.532 0.164 0.258666666667
14 0.765 0.486666666667 0.118 0.386666666667
14 0.893 0.416 0.142 0.250666666667
14 0.862 0.0946666666667 0.12 0.152
14 0.696 0.112 0.156 0.154666666667
14 0.522 0.144 0.12 0.154666666667
14 0.148 0.197333333333 0.116 0.138666666667
14 0.386 0.158666666667 0.104 0.136
11 0.326 0.853333333333 0.144 0.224
